1.000000000000000000e+00
2.799999999999999822e+00
4.679999999999999716e+00
6.200000000000000178e+00
9.000000000000000000e+00
1.103999999999999915e+01
1.311999999999999922e+01
1.491999999999999993e+01
1.600000000000000000e+01
1.807999999999999829e+01
2.555999999999999872e+01
2.128000000000000114e+01
2.235999999999999943e+01
2.871999999999999886e+01
3.087999999999999901e+01
2.996000000000000085e+01
2.916000000000000014e+01
3.196000000000000085e+01
3.400000000000000000e+01
3.567999999999999972e+01
5.496000000000000085e+01
4.215999999999999659e+01
4.524000000000000199e+01
4.779999999999999716e+01
5.384000000000000341e+01
5.271999999999999886e+01
5.400000000000000000e+01
5.788000000000000256e+01
5.656000000000000227e+01
5.539999999999999858e+01
6.247999999999999687e+01
5.888000000000000256e+01
7.295999999999999375e+01
7.292000000000000171e+01
6.232000000000000028e+01
6.592000000000000171e+01
7.428000000000000114e+01
7.351999999999999602e+01
8.792000000000000171e+01
8.148000000000000398e+01
9.087999999999999545e+01
9.548000000000000398e+01
9.912000000000000455e+01
8.900000000000000000e+01
7.420000000000000284e+01
8.420000000000000284e+01
9.795999999999999375e+01
1.071599999999999966e+02
1.021599999999999966e+02
1.127199999999999989e+02
1.093199999999999932e+02
1.069599999999999937e+02
8.315999999999999659e+01
9.795999999999999375e+01
1.251599999999999966e+02
1.060799999999999983e+02
1.224000000000000057e+02
1.050799999999999983e+02
1.202800000000000011e+02
1.153599999999999994e+02
1.285999999999999943e+02
1.277999999999999972e+02
1.324000000000000057e+02
1.152000000000000028e+02
1.307199999999999989e+02
1.257999999999999972e+02
1.175199999999999960e+02
1.360000000000000000e+02
1.474399999999999977e+02
1.349600000000000080e+02
1.325600000000000023e+02
1.230799999999999983e+02
1.441599999999999966e+02
1.530800000000000125e+02
1.577199999999999989e+02
1.425600000000000023e+02
1.429199999999999875e+02
1.622400000000000091e+02
1.698799999999999955e+02
1.955999999999999943e+02
1.660000000000000000e+02
1.702400000000000091e+02
1.681599999999999966e+02
1.467199999999999989e+02
1.475200000000000102e+02
1.832800000000000011e+02
1.828799999999999955e+02
2.194799999999999898e+02
1.686399999999999864e+02
1.736399999999999864e+02
1.759600000000000080e+02
1.884799999999999898e+02
1.989199999999999875e+02
1.864799999999999898e+02
2.134799999999999898e+02
2.031999999999999886e+02
2.007199999999999989e+02
2.022800000000000011e+02
1.995600000000000023e+02
1.993199999999999932e+02
1.624799999999999898e+02
2.241200000000000045e+02
1.989199999999999875e+02
2.002800000000000011e+02
2.278799999999999955e+02
2.289600000000000080e+02
2.081999999999999886e+02
1.745600000000000023e+02
2.050000000000000000e+02
1.881599999999999966e+02
2.453600000000000136e+02
1.970800000000000125e+02
2.394799999999999898e+02
2.281200000000000045e+02
2.274399999999999977e+02
2.170000000000000000e+02
2.077599999999999909e+02
2.694800000000000182e+02
2.268000000000000114e+02
2.445200000000000102e+02
2.528000000000000114e+02
2.291999999999999886e+02
2.358000000000000114e+02
2.341200000000000045e+02
2.204000000000000057e+02
2.147199999999999989e+02
2.708799999999999955e+02
2.142400000000000091e+02
2.873600000000000136e+02
2.469199999999999875e+02
2.153600000000000136e+02
2.601600000000000250e+02
2.956800000000000068e+02
2.956000000000000227e+02
2.634399999999999977e+02
3.019599999999999795e+02
2.859599999999999795e+02
2.703199999999999932e+02
2.615199999999999818e+02
2.959599999999999795e+02
2.917200000000000273e+02
2.896000000000000227e+02
3.032799999999999727e+02
2.903600000000000136e+02
2.535200000000000102e+02
3.305600000000000023e+02
2.815600000000000023e+02
2.559600000000000080e+02
2.606800000000000068e+02
2.455200000000000102e+02
2.842799999999999727e+02
3.124399999999999977e+02
3.138000000000000114e+02
2.797599999999999909e+02
2.883600000000000136e+02
3.235199999999999818e+02
2.861200000000000045e+02
2.916399999999999864e+02
3.412799999999999727e+02
3.737200000000000273e+02
3.049200000000000159e+02
3.408399999999999750e+02
2.576800000000000068e+02
3.450799999999999841e+02
3.577599999999999909e+02
3.188000000000000114e+02
3.370799999999999841e+02
3.092400000000000091e+02
2.938000000000000114e+02
2.731200000000000045e+02
3.130400000000000205e+02
2.896800000000000068e+02
3.466800000000000068e+02
3.669599999999999795e+02
3.576000000000000227e+02
3.275600000000000023e+02
2.918799999999999955e+02
3.563999999999999773e+02
3.421999999999999886e+02
3.197200000000000273e+02
3.448399999999999750e+02
3.435199999999999818e+02
3.388799999999999955e+02
3.059200000000000159e+02
3.602799999999999727e+02
3.557200000000000273e+02
3.816000000000000227e+02
3.866000000000000227e+02
4.051999999999999886e+02
3.856000000000000227e+02
3.892799999999999727e+02
3.572799999999999727e+02
3.653999999999999773e+02
3.772400000000000091e+02
4.292799999999999727e+02
4.654399999999999977e+02
3.886800000000000068e+02
4.658000000000000114e+02
4.194399999999999977e+02
4.086399999999999864e+02
3.997599999999999909e+02
3.610799999999999841e+02
4.038799999999999955e+02
4.683199999999999932e+02
3.495600000000000023e+02
3.521600000000000250e+02
3.668000000000000114e+02
4.698399999999999750e+02
4.386399999999999864e+02
4.274800000000000182e+02
4.831200000000000045e+02
4.011600000000000250e+02
4.676399999999999864e+02
4.560400000000000205e+02
4.456399999999999864e+02
4.201200000000000045e+02
3.851600000000000250e+02
4.289200000000000159e+02
4.711600000000000250e+02
4.323600000000000136e+02
4.770799999999999841e+02
4.876399999999999864e+02
3.929200000000000159e+02
4.682400000000000091e+02
4.113600000000000136e+02
4.352799999999999727e+02
4.013600000000000136e+02
3.798799999999999955e+02
4.567599999999999909e+02
3.863600000000000136e+02
4.320000000000000000e+02
4.548799999999999955e+02
4.516800000000000068e+02
5.262799999999999727e+02
3.546399999999999864e+02
4.183199999999999932e+02
5.228400000000000318e+02
3.881200000000000045e+02
4.988000000000000114e+02
5.418799999999999955e+02
4.786000000000000227e+02
4.603600000000000136e+02
4.720799999999999841e+02
4.604399999999999977e+02
5.475599999999999454e+02
4.991600000000000250e+02
5.017200000000000273e+02
4.006399999999999864e+02
5.116000000000000227e+02
4.912799999999999727e+02
